list(Date=c(1.4400000E+02, 1.4500000E+02, 1.6000000E+02, 1.6100000E+02, 1.6200000E+02, 1.6500000E+02, 1.6600000E+02, 1.6700000E+02, 1.6800000E+02, 1.6900000E+02, 1.7200000E+02, 1.7300000E+02, 1.7400000E+02, 1.7500000E+02, 1.7600000E+02, 1.7900000E+02, 1.8000000E+02, 1.8100000E+02, 1.8200000E+02, 1.8300000E+02, 1.8600000E+02, 1.8700000E+02, 1.8800000E+02, 1.8900000E+02, 1.9000000E+02, 1.9300000E+02, 1.9400000E+02, 1.9500000E+02, 1.9600000E+02, 1.9700000E+02, 2.0000000E+02, 2.0100000E+02, 2.0200000E+02, 2.0300000E+02, 2.0400000E+02, 2.0700000E+02, 2.0800000E+02, 2.0900000E+02, 2.1000000E+02, 2.2500000E+02), Count=c(0.0000000E+00, 0.0000000E+00, 1.0000000E+00, 4.0000000E+00, 8.0000000E+00, 1.1000000E+01, 2.3000000E+01, 2.7000000E+01, 5.4000000E+01, 4.9000000E+01, 1.2200000E+02, 1.5800000E+02, 1.3200000E+02, 1.0700000E+02, 1.8900000E+02, 2.5100000E+02, 5.1800000E+02, 4.3100000E+02, 6.0100000E+02, 4.6000000E+02, 2.6100000E+02, 4.9000000E+02, 7.9400000E+02, 5.0600000E+02, 5.0600000E+02, 3.8600000E+02, 2.5300000E+02, 2.9300000E+02, 1.2500000E+02, 1.5800000E+02, 7.0000000E+01, 3.2000000E+01, 5.9000000E+01, 6.3000000E+01, 1.8000000E+01, 1.2000000E+01, 9.0000000E+00, 6.0000000E+00, 0.0000000E+00, 0.0000000E+00), T=4.0000000E+01, invl=2.0000000E+01, MDate=c(1.4600000E+02, 1.4700000E+02, 1.4800000E+02, 1.4900000E+02, 1.5000000E+02, 1.5100000E+02, 1.5200000E+02, 1.5300000E+02, 1.5400000E+02, 1.5500000E+02, 1.5600000E+02, 1.5700000E+02, 1.5800000E+02, 1.5900000E+02, 1.6300000E+02, 1.6400000E+02, 1.7000000E+02, 1.7100000E+02, 1.7700000E+02, 1.7800000E+02, 1.8400000E+02, 1.8500000E+02, 1.9100000E+02, 1.9200000E+02, 1.9800000E+02, 1.9900000E+02, 2.0500000E+02, 2.0600000E+02, 2.1100000E+02, 2.1200000E+02, 2.1300000E+02, 2.1400000E+02, 2.1500000E+02, 2.1600000E+02, 2.1700000E+02, 2.1800000E+02, 2.1900000E+02, 2.2000000E+02, 2.2100000E+02, 2.2200000E+02, 2.2300000E+02, 2.2400000E+02), M=4.2000000E+01)
