list(xi_date_run=1.8671162E+02, omega_date_run=1.2284429E+01, alpha_date_run=1.4971320E+00, theta=6.0000000E+00, logS=8.8800291E+00)
